15154.948486
-47462.797873
22589.133351
-13678.711732
-20041.793144
-107857.485426
28956.276397
-48065.387282
92760.346695
40035.999416
-87904.624936
100683.879393
49567.248897
49923.483409
57050.016186
18215.113115
-31057.739407
6825.296452
93423.345714
-89246.708027
23906.072570
-6492.927410
-164373.236735
-19151.336723
11217.592070
-48005.341656
23374.716724
-77217.122125
69023.120448
101211.544252
6965.746918
61601.874471
25459.091526
-395.450277
-43992.467802
-103462.674751
68305.164963
51872.780530
-75982.241523
43531.563359
40189.374311
25285.108426
-96293.264861
-2733.002294
-76266.976575
82387.708845
-50800.577359
35873.526873
-1121.612421
-113056.688371
86190.127823
-4401.765385
-5909.109726
96486.653138
-13354.840128
30694.961885
-16681.249944
53357.506706
-67141.397316
-1479.097658
57535.230806
77561.358203
3455.835861
-39106.437792
-62992.700988
7548.406965
17331.331850
-16458.580673
121617.792009
-59689.000005
21843.297050
35358.557385
-134724.128425
119006.056286
52763.146218
49669.849299
5377.348615
-17495.191519
24717.758755
-60996.400595
38589.296939
-96602.441094
39585.495026
-20760.252621
-32979.537895
128854.169831
9038.037339
-1530.673133
86699.258675
36607.624606
-103691.129711
73277.867223
-82212.286026
1319.941339
-38315.497850
-19534.863901
31242.953307
-17768.870197
-55762.849849
-40673.131180
8191.747607
27413.382464
-12569.723654
-50618.562929
-85394.378213
-14482.513353
22665.952984
38301.472500
-30338.165386
6552.560221
92154.125314
10280.707668
-19747.690686
33062.099107
-76519.210766
75790.731625
68945.306488
5419.651433
10911.810665
32920.668090
-4200.698990
-114754.005248
38538.316330
46148.148852
-4372.038194
8371.139238
479.119770
68589.652301
19358.435643
-4017.751385
25915.854349
-51989.743350
42674.972329
-19216.059060
-18785.481863
-27978.206469
1720.789426
9768.090964
78439.648250
60628.767987
-33393.543592
36510.408389
12951.600159
9207.055346
-62880.865457
-33681.351885
62150.224565
967.728472
-45750.213423
-17930.065562
-38516.598337
-20541.071764
-21982.223638
-56260.850160
104054.978288
58904.460992
102640.940057
-134251.823060
5508.633871
-35398.413282
13534.863954
-61289.467851
61578.683553
62684.125458
-40883.496817
-20801.118361
63422.534219
-132310.629358
-5580.112970
-59595.299212
20579.492389
17840.601964
90152.812731
-40832.798748
-2468.155454
41326.299066
-57027.261574
31681.688625
111254.270660
20.168902
-43769.394701
46419.601045
53437.286633
14910.641827
69539.237109
59506.073522
22075.978374
20915.487848
785.089313
-97.771963
10490.848432
55360.891692
75717.561299
52784.462824
84070.245930
19027.898645
68303.593288
114390.945653
-90407.145156
-9091.120499
-79765.046195
11996.113429
27848.985460
91172.627210
143339.912578
-30668.398752
-30783.161234
-29745.377551
115097.221249
-16452.402806
19619.588780
61358.751282
59471.709028
125732.694951
-39638.760797
13778.462208
-50085.061559
-42032.495415
77585.464340
56951.167987
16246.855136
48545.962417
-84453.436100
-113003.050798
22395.489761
93280.987600
22175.358290
-31413.995293
15811.840117
-25998.077051
-60359.164459
-107115.728253
145595.610594
21852.890491
25008.236858
31058.970391
839.583848
10321.091075
-36707.647005
30360.199818
28157.781239
-88980.223924
-62216.385082
-13593.089529
29162.533483
-10026.885513
-23624.737273
118534.487531
-23387.674384
42097.424996
-23252.860120
-110065.572205
56594.999492
-21575.246118
-62219.819525
29883.416360
2080243.714318
-27809.140573
6770.028506
27940.977849
-43260.408275
19810.357760
-38739.996185
-31901.880931
107977.377823
88830.037059
43937.766510
-104717.245197
7457.306576
22695.572743
26473.181690
-74877.443325
42097.562978
27304.439684
158636.138678
-6300.718025
-67312.805803
71405.492913
-34948.806587
34263.114548
31125.116752
8027.870108
41610.463896
-46767.548428
4528.181123
-85699.123253
10245.800394
-4550.612529
151376.318528
-40399.089876
-35922.814806
-8198.307322
32753.376111
-21539.343601
122478.437736
-20381.085979
60038.083002
-65986.434118
73655.411806
36628.252031
-433.329824
-23800.636160
74936.482877
-13564.945538
34356.694757
-108550.681253
-46914.300371
-8749.757094
11750.124680
-50215.119070
-59428.756970
3350.415087
-37993.317297
-11676.931385
26741.135388
-37286.838866
-61688.260050
68110.156957
-21219.131959
-207810.056327
232054.691880
-28902.655373
15379.581083
-73284.384578
-1507.680305
3075.012060
-67103.485510
-29267.471077
87163.987786
21419.610398
-8603.195632
48620.776662
12518.146977
29261.757286
42702.234044
17765.010026
36208.188730
-9113.615956
-31263.958397
5963.666889
4407.461216
12353.351528
131378.881953
-72823.053828
15939.328701
-89138.269562
26306.280958
9067.942120
-40296.744638
45905.292839
6258.271317
5453.039956
20104.717444
9851.487007
70895.909133
45674.408110
-55079.284042
97215.996558
-36852.509311
-92571.166681
40770.341355
26692.932280
83935.061838
71498.353854
10681.326546
-98059.970349
-29101.771582
-65849.277428
15481.149054
-37103.961416
-40650.559631
-97429.469755
-608.284609
-7707.109261
40545.972312
-56797.272778
47646.090221
-5043.926283
45798.275510
-25674.038267
-41386.979009
-9191.921118
-2638.969695
-362311.781403
453710.836415
-54495.081536
41038.086627
39150.958634
-18912.897311
-4111.216317
-12541.146579
-79172.236314
58977.988254
-76885.257306
-24664.208148
-91836.781585
-9821.649940
99574.678358
-40480.542506
-72192.119289
87869.476725
49757.056429
75348.400628
-124951.255611
93287.173460
-80422.977303
24643.760021
-32324.043860
27871.892851
120950.072952
30431.995130
-30937.459448
80218.473346
-66163.107219
71154.947014
-107062.245153
647.482753
-5198.442877
54340.560342
-26163.260916
-81560.489708
-76539.633720
-7201.176864
-4035.452174
75217.982562
55500.142512
28490.116659
-55178.505812
-65987.899934
107680.339731
114983.695051
-35947.047267
4915.017799
-2383.532510
-47079.687209
-39818.328267
46387.606968
57614.861786
40075.681282
-18958.152693
51370.979633
19661.579124
42324.877064
17505.748907
-23844.377001
-7170.508897
-41487.823779
-154274.686322
102359.001649
29863.681742
40579.129086
41246.603476
-12759.751749
18602.371931
-79088.983811
-74332.899405
-7379.997089
-53029.824101
90395.643541
50871.651365
-8080.491934
-22663.283978
-58068.900101
9334.903083
65367.852394
36450.313212
-50284.551531
-50455.699879
72555.863124
-40469.091344
3057.426479
-20817.648658
22206.375780
-37474.095711
-4345.836971
-31334.657115
33454.226802
18482.423961
-20627.199768
-156140.244760
46149.460286
-26702.390306
34918.237599
29942.152726
65626.982521
9435.568437
486.827355
-64466.879275
13702.561416
3111.924625
-41351.706564
-138325.114050
-39619.835958
26456.425949
-52999.667371
-66232.410964
121818.631278
28910.990474
-80140.359752
22977.922284
-138324.774344
-20462.434599
-338.848914
-19931.834203
-36401.970519
-46029.002301
-17044.246979
88291.754020
-90633.998153
2605.891366
26912.868166
-663474.563652
