15154.948485547113
-47462.797873372576
-13678.711731510764
22589.133350633372
-48065.387281545656
28956.276396618356
-20041.793144167394
-107857.48542565884
18215.113114732743
57050.01618637005
49567.24889684461
49923.483409176406
92760.34669501956
40035.999415920625
100683.87939262418
-87904.6249358642
61601.87447148193
6965.746918020024
69023.1204481196
101211.54425153653
11217.592070021285
-48005.34165591304
-77217.12212524819
23374.71672440494
-31057.73940668759
6825.29645228729
-89246.70802656883
93423.34571396191
-19151.336722901935
-164373.23673542342
23906.072570068794
-6492.927410188062
-39106.437792380864
3455.8358614924728
57535.23080604926
77561.35820281421
-16681.24994410997
53357.5067057865
-1479.097658408864
-67141.39731585252
-1121.612421486112
-113056.68837090154
-4401.765385282932
86190.12782263922
30694.96188532415
-13354.840128414242
-5909.109725965907
96486.65313829249
25459.091526201304
-395.45027681439024
-103462.67475060667
-43992.46780215135
43531.56335889678
-75982.24152288504
68305.16496258191
51872.780530047035
35873.526872977105
-50800.57735927393
-76266.97657539939
82387.70884496947
40189.374311161046
25285.10842603824
-2733.0022944715383
-96293.26486056697
68589.65230098108
479.1197702932186
-4372.038193840416
8371.139238206411
-4200.698990009689
-114754.0052476408
46148.148851894926
38538.31632981402
-19747.690686032314
33062.0991067807
75790.73162480301
-76519.21076569238
32920.66809045095
10911.81066506885
68945.3064883518
5419.651432653369
31242.953306549207
-17768.870196796444
-40673.131180388446
-55762.84984899868
-50618.56292937627
-12569.723654136928
8191.747607230853
27413.382464427134
10280.707668018506
92154.12531411569
-30338.165386216613
6552.560220770683
-85394.37821274032
-14482.513353028538
38301.472499679345
22665.952984125957
-62992.70098811475
7548.406965308473
-16458.580673245946
17331.331849960785
35358.557384986576
21843.297049937268
121617.79200866638
-59689.0000050012
-60996.40059509169
24717.75875525735
5377.348615089911
-17495.191519259337
-134724.12842468428
119006.05628639595
49669.84929906123
52763.14621756258
-19534.863901488206
-38315.49784999221
-82212.28602569492
1319.9413390179761
86699.25867540133
36607.62460595971
73277.86722269325
-103691.12971108034
38589.29693926149
-96602.44109362311
-20760.252620555246
39585.49502577745
-1530.6731332184536
9038.03733851726
-32979.537895289846
128854.16983108343
29883.416360464988
-62219.81952496648
56594.99949243445
-21575.246117651026
-23387.674384227794
42097.42499610472
-110065.5722047212
-23252.860119726087
28157.781238641706
-88980.22392351255
-13593.089529095952
-62216.38508225163
118534.48753110741
-23624.73727269197
29162.533482747753
-10026.88551305117
22395.48976072536
93280.98759966291
-31413.995292551328
22175.358289773423
-107115.72825330499
-60359.16445853204
15811.840117374839
-25998.0770507815
30360.19981761796
-36707.64700530618
839.5838478947035
10321.091075375967
145595.61059394176
21852.890491219478
31058.970391407172
25008.236858120457
75717.56129867771
52784.462823831054
19027.898644891873
84070.24592991993
-9091.120498553253
-90407.1451556977
68303.5932880794
114390.94565275102
-29745.3775507139
-30783.16123444186
143339.91257825593
-30668.39875221892
-79765.04619521245
11996.113428634868
91172.62720986144
27848.98546028781
-113003.050798333
-84453.43610029937
16246.855136010869
48545.962417168004
-50085.06155860414
-42032.495414855526
56951.16798685202
77585.46433992218
115097.22124936114
-16452.402806029015
61358.75128154522
19619.588780010483
13778.462207889512
-39638.760797174335
59471.709028093304
125732.69495089819
19358.43564341351
-4017.7513849418046
-51989.74334982306
25915.85434875069
-27978.2064691142
-18785.481862921806
42674.972329312666
-19216.059059828476
9207.055346300278
12951.60015934186
-33393.54359176631
36510.40838875032
1720.7894259192253
9768.090963801027
60628.76798690411
78439.64825043583
-35398.41328231954
5508.633870544696
102640.94005719072
-134251.82306016632
-21982.223638396772
-56260.850159712034
58904.460991755994
104054.97828843439
-62880.865457312204
-33681.35188506324
967.7284719329
62150.22456494025
-20541.07176372833
-38516.59833720467
-45750.21342329318
-17930.065562163676
55360.89169238844
10490.848431984556
785.0893131829969
-97.77196291376708
69539.23710872838
59506.073522275605
20915.487848242028
22075.978373993257
-57027.26157366143
31681.68862517176
20.16890209871781
111254.27066016599
14910.64182652589
53437.28663261711
-43769.39470145029
46419.60104489977
13534.86395379424
-61289.467850576766
62684.1254577471
61578.683552922696
-132310.6293584817
63422.534218796674
-40883.49681694103
-20801.118361282213
41326.29906575644
-2468.155454472686
90152.81273127007
-40832.79874846414
-5580.112969883499
-59595.29921153214
17840.60196367408
20579.492388844756
2080243.7143176063
-27809.140572700184
27940.977849409086
6770.028505859331
-31901.88093119843
-38739.99618549103
-43260.408275324284
19810.357759976192
-74877.4433245323
26473.18168951898
7457.306575590491
22695.57274265257
107977.37782304647
88830.03705869222
-104717.24519689477
43937.76650972798
-4550.612529324399
10245.800393502499
4528.181122970658
-85699.12325251647
31125.11675162603
8027.870108219544
-46767.54842751198
41610.463895624736
42097.562978223556
27304.439683744797
-6300.718024581933
158636.13867767077
34263.114547814585
-34948.80658653679
-67312.80580277942
71405.49291314083
-207810.05632728303
-21219.13195926133
-61688.26005027408
68110.15695722123
-37993.3172965759
-11676.931385121248
-37286.83886630105
26741.135388337585
34356.69475653961
-108550.68125314328
-8749.75709419174
-46914.30037143668
3350.415086826226
-59428.75696986087
11750.124680342378
-50215.11907028185
151376.31852751557
-40399.089876126134
-8198.307321820546
-35922.81480594382
-20381.08597858721
122478.43773574781
32753.376110785743
-21539.343600647873
-13564.945537955697
74936.48287703455
-433.3298237308263
-23800.636160156
60038.08300202501
-65986.43411809127
36628.25203090303
73655.41180608692
-362311.78140272136
-2638.969695449283
-41386.97900938925
-9191.921118069684
47646.0902208761
-5043.926283304601
-25674.038266668627
45798.27551040702
15481.149053882571
-37103.96141560744
-97429.46975534732
-40650.55963120236
-56797.272777984734
40545.97231210131
-608.284609083028
-7707.109261046597
20104.71744401431
9851.487006786072
45674.40810982627
70895.9091330953
-92571.16668106143
-36852.50931062711
-55079.28404234545
97215.99655766261
-65849.27742776166
-29101.771581631954
10681.326545793607
-98059.97034869487
40770.341355340264
26692.9322796101
71498.3538540043
83935.06183772805
232054.69188016996
-28902.65537312634
-73284.38457771463
15379.581083351433
-29267.47107727025
-67103.48550974517
-1507.680305078935
3075.0120598569883
17765.01002597243
42702.23404406298
12518.146977208493
29261.757286284887
87163.98778574193
21419.61039756397
48620.77666214655
-8603.195631773997
5453.039955641595
6258.271316902053
-40296.74463819213
45905.292839074
15939.32870117751
-89138.26956153997
9067.942119573792
26306.280958103565
36208.188729712674
-9113.615956447968
5963.666888686006
-31263.958397088318
-72823.05382782243
131378.8819530856
4407.461215911051
12353.351527844014
-663474.5636519897
26912.868165527878
-90633.99815339816
2605.8913656820077
-36401.97051855437
-46029.002300727545
88291.75401977058
-17044.246979095376
121818.63127813186
28910.990474022925
22977.922283992935
-80140.35975157021
-19931.83420347523
-338.8489140880083
-138324.7743443699
-20462.43459896685
46149.460285783876
-26702.390305628407
29942.152726082266
34918.237599056316
-64466.87927520666
486.8273545530319
65626.98252080026
9435.56843656714
-66232.41096448833
-52999.6673705213
-39619.83595837753
26456.42594882459
13702.561416174529
3111.9246248510644
-138325.1140503416
-41351.70656374324
102359.00164944856
29863.68174171978
41246.60347601965
40579.129085911554
-74332.89940533119
-79088.98381062014
-12759.751749272546
18602.371930993875
9334.903082860994
-58068.90010053918
-8080.49193383929
-22663.283978074232
-7379.997088572898
-53029.824100806945
50871.65136477204
90395.64354078712
-156140.24476042675
-20627.19976768164
33454.226801561425
18482.423961339493
22206.375780306982
-37474.095710553076
-31334.657114882364
-4345.836971050225
65367.852393776244
36450.31321167018
-50455.69987916085
-50284.551530743935
-20817.648658019974
3057.4264785315427
72555.86312387766
-40469.091343992
453710.8364145222
-54495.08153649827
39150.958634355266
41038.08662682738
-79172.23631419652
-12541.146578538028
-18912.897310871012
-4111.216317152577
-72192.11928895998
-40480.5425063108
-9821.649939987947
99574.67835816389
58977.98825371187
-76885.25730573517
-91836.78158513969
-24664.208148100035
-107062.2451527345
71154.94701424819
80218.47334629323
-66163.10721926921
27871.89285087154
120950.0729516244
-30937.45944844543
30431.995129510207
87869.47672496871
49757.05642856627
-124951.25561087624
75348.40062761288
-32324.043859781224
24643.76002102949
93287.17345959689
-80422.97730256953
-154274.68632194318
-41487.82377901092
-23844.37700078639
-7170.508896611023
51370.97963318655
19661.57912425444
17505.74890662885
42324.87706447595
4915.017799260369
-2383.5325103579507
-39818.328267027726
-47079.687208525094
-18958.15269318254
40075.68128248461
46387.60696830621
57614.86178642088
647.4827528972951
-5198.442876641255
-26163.260916044892
54340.56034240617
-4035.45217429108
-7201.176864187721
-81560.4897082862
-76539.63371962793
-35947.047267126436
114983.69505060295
-65987.89993405464
107680.33973142548
75217.98256152724
55500.1425122191
-55178.50581221914
28490.116658600175